chr11-1	chr11	3841646	3841862	+	78.1	0.734	107.000000	147.0	5.3	27.55	2.23e-152	32.36	4.04e-160	0.88
chr19-2	chr19	11221286	11221502	+	71.2	0.879	78.000000	134.0	1.8	75.35	2.72e-196	40.54	7.00e-161	1.15
chr4-13	chr4	94452628	94452844	+	70.7	0.806	95.000000	133.0	5.0	26.71	2.54e-136	47.21	2.73e-168	0.92
chr4-12	chr4	52051866	52052082	+	70.1	0.814	97.000000	132.0	4.3	30.93	2.00e-143	46.54	2.97e-161	0.91
chr13-1	chr13	79395860	79396076	+	69.6	0.844	89.000000	132.0	6.4	20.62	4.22e-121	29.30	2.45e-138	0.97
chr1-5	chr1	109988620	109988836	+	54.7	0.845	67.000000	104.0	0.7	146.21	1.96e-182	30.15	3.07e-111	1.07
chr10-7	chr10	61001787	61002003	+	51.0	0.829	71.000000	96.0	3.6	26.99	2.37e-99	45.08	3.99e-120	0.98
chr7-4	chr7	23415416	23415632	+	46.2	0.685	66.000000	88.0	3.6	24.74	4.96e-88	25.47	4.22e-88	0.93
chr10-9	chr10	13472420	13472636	+	45.7	0.683	65.000000	86.0	2.5	34.54	4.12e-98	9.89	4.60e-54	0.96
chr17-13	chr17	82820412	82820628	+	42.5	0.923	52.000000	80.0	3.6	22.49	5.05e-77	22.99	6.68e-75	1.12
chr1-6	chr1	206912653	206912869	+	42.0	0.780	58.000000	79.0	2.5	31.73	1.88e-87	24.23	1.59e-78	1.10
chr14-1	chr14	99975316	99975532	+	42.0	0.811	58.000000	79.0	1.4	55.53	3.41e-106	25.62	2.28e-80	0.99
chr1-8	chr1	56703819	56704035	+	40.9	0.796	56.000000	77.0	1.4	54.12	1.04e-102	32.44	5.30e-86	0.98
chr1-7	chr1	235067895	235068111	+	40.9	0.698	57.000000	77.0	5.7	13.53	3.52e-58	13.83	7.38e-59	1.07
chr15-2	chr15	67352741	67352957	+	39.3	0.864	56.000000	74.0	3.2	23.12	3.16e-72	29.52	8.66e-80	1.01
chr12-1	chr12	115556059	115556275	+	38.8	0.886	48.000000	73.0	1.4	51.31	8.24e-96	38.27	1.02e-86	1.12
chr22-4	chr22	43090337	43090553	+	38.3	0.851	54.000000	73.0	5.0	14.66	1.29e-57	19.67	1.64e-65	1.00
chr14-2	chr14	24373132	24373348	+	37.2	0.792	50.000000	70.0	2.8	24.60	3.11e-70	21.04	1.10e-65	1.05
chr21-5	chr21	36307220	36307436	+	36.7	0.875	51.000000	69.0	1.8	38.80	1.80e-82	24.30	6.64e-69	1.05
chr9-2	chr9	79448008	79448224	+	35.1	0.678	46.000000	69.0	12.4	5.54	1.02e-28	12.14	2.89e-47	1.09
chr11-3	chr11	11867162	11867378	+	35.1	0.871	54.000000	66.0	3.6	18.56	1.29e-58	33.81	3.98e-75	0.92
chr18-8	chr18	22875773	22875989	+	35.1	0.798	49.000000	66.0	4.6	14.27	1.50e-51	26.81	1.09e-68	1.11
chr19-3	chr19	19034439	19034655	+	35.1	0.789	56.000000	66.0	2.8	23.20	1.05e-64	17.20	1.48e-56	0.92
chr21-9	chr21	32716565	32716781	+	32.9	0.850	39.000000	62.0	3.6	17.43	1.40e-53	35.84	3.34e-72	1.23
chr1-14	chr1	228246303	228246519	+	32.4	0.875	48.000000	61.0	5.0	12.25	4.96e-44	8.81	3.88e-36	1.02
chr1-17	chr1	234505321	234505537	+	32.4	0.793	42.000000	61.0	6.4	9.53	5.57e-38	11.85	3.14e-43	1.07
chr2-11	chr2	119711424	119711640	+	32.4	0.915	40.000000	61.0	2.8	21.44	6.04e-58	31.98	3.88e-68	1.15
chr4-44	chr4	55545677	55545893	+	32.4	0.745	47.000000	61.0	4.6	13.19	7.65e-46	20.68	4.95e-57	1.02
chr12-3	chr12	119744981	119745197	+	31.9	0.814	41.000000	61.0	2.5	24.50	2.48e-61	20.19	1.57e-55	1.16
chr18-9	chr18	36051853	36052069	+	31.9	0.816	46.000000	60.0	4.3	14.06	1.18e-46	24.15	5.39e-60	0.98
chr20-7	chr20	31700422	31700638	+	31.9	0.747	43.000000	60.0	2.1	28.12	8.31e-64	21.64	2.95e-57	1.02
chr7-9	chr7	33783213	33783429	+	31.3	0.886	41.000000	59.0	3.2	18.43	2.01e-52	25.58	1.96e-60	1.14
chr8-2	chr8	55748751	55748967	+	31.3	0.800	41.000000	59.0	0.7	82.94	6.62e-90	52.15	3.43e-78	1.05
chr5-16	chr5	43007617	43007833	+	30.8	0.913	43.000000	58.0	1.8	32.62	2.34e-65	27.93	1.51e-60	1.03
chr12-2	chr12	103917952	103918168	+	30.8	0.884	44.000000	58.0	2.5	23.30	3.48e-57	23.15	4.43e-56	1.01
chr15-3	chr15	67905742	67905958	+	30.8	0.861	43.000000	58.0	1.1	54.36	6.40e-78	24.67	1.45e-58	0.98
chr22-7	chr22	37709267	37709483	+	30.8	0.758	44.000000	58.0	2.1	27.18	6.47e-61	11.83	3.80e-41	1.03
chr11-5	chr11	34124973	34125189	+	30.3	0.868	40.000000	57.0	3.2	17.81	6.72e-50	32.12	6.80e-64	1.14
chr7-8	chr7	155648904	155649120	+	29.8	0.873	48.000000	56.0	3.2	17.49	1.20e-48	16.18	7.29e-47	0.94
chr14-3	chr14	22761853	22762069	+	29.8	0.827	46.000000	56.0	3.6	15.75	3.09e-46	20.86	1.03e-52	0.99
chr16-32	chr16	88921659	88921875	+	29.2	0.857	45.000000	55.0	2.5	22.09	4.19e-53	17.46	9.09e-48	0.91
chr7-12	chr7	316530	316746	+	28.2	0.792	39.000000	53.0	3.6	14.90	1.15e-42	23.20	2.59e-52	1.00
chr1-19	chr1	206030819	206031035	+	27.6	0.795	40.000000	52.0	1.1	48.74	1.27e-67	21.90	3.50e-49	1.01
chr1-20	chr1	228245211	228245427	+	27.6	0.766	40.000000	52.0	5.7	9.14	8.69e-32	6.98	1.92e-26	0.98
chr5-20	chr5	146210897	146211113	+	27.6	0.844	38.000000	52.0	5.3	9.75	4.29e-33	29.66	1.38e-54	1.01
chr16-36	chr16	2803910	2804126	+	27.6	0.740	40.000000	52.0	0.7	73.10	1.24e-76	14.12	9.17e-41	0.98
chr22-10	chr22	40178626	40178842	+	27.6	0.817	39.000000	52.0	3.2	16.25	1.01e-43	21.71	6.34e-50	1.03
chrX-1	chrX	123717788	123718004	+	27.6	0.849	43.000000	52.0	4.3	12.18	1.12e-37	15.63	6.68e-43	0.96
chr1-23	chr1	28071931	28072147	+	27.1	0.887	38.000000	51.0	3.6	14.34	2.50e-40	22.76	5.26e-50	1.01
chr1-25	chr1	228244087	228244303	+	27.1	0.879	38.000000	51.0	8.5	5.97	4.71e-23	6.66	4.26e-25	1.01
chr6-6	chr6	149855162	149855378	+	27.1	0.750	38.000000	51.0	2.8	17.92	5.73e-45	27.37	6.30e-54	1.03
chr10-20	chr10	70198691	70198907	+	27.1	0.744	41.000000	51.0	1.8	28.68	6.34e-55	19.16	2.29e-46	1.01
chr17-20	chr17	29034756	29034972	+	27.1	0.852	35.000000	52.0	1.4	36.55	2.81e-61	20.90	3.36e-48	1.13
chr20-8	chr20	63681494	63681710	+	27.1	0.786	41.000000	53.0	2.5	21.29	2.01e-50	13.29	9.16e-39	1.01
chr1-21	chr1	28643157	28643373	+	26.6	0.902	39.000000	50.0	3.6	14.06	3.59e-39	11.56	3.01e-35	1.01
chr2-12	chr2	174648981	174649197	+	26.6	0.841	39.000000	50.0	1.1	46.86	2.95e-64	21.88	3.06e-48	1.01
chr5-19	chr5	172760231	172760447	+	26.6	0.821	41.000000	50.0	2.5	20.08	1.84e-46	12.59	5.89e-37	1.01
chr1-26	chr1	47314234	47314450	+	26.0	0.671	37.000000	49.0	1.4	34.44	1.29e-56	17.82	3.78e-43	0.99
chr1-28	chr1	173462738	173462954	+	26.0	0.821	37.000000	49.0	1.4	34.44	1.29e-56	27.61	4.63e-52	1.08
chr6-4	chr6	100271285	100271501	+	26.0	0.818	43.000000	49.0	1.4	34.44	1.29e-56	29.85	1.16e-53	0.92
chr6-5	chr6	170078581	170078797	+	26.0	0.610	41.000000	49.0	2.1	22.96	2.74e-48	8.80	2.43e-29	0.94
chr15-4	chr15	101734962	101735178	+	26.0	0.881	37.000000	49.0	4.3	11.48	1.91e-34	15.89	7.34e-41	1.02
chr9-5	chr9	107422333	107422549	+	25.5	0.817	33.000000	48.0	1.1	44.99	6.36e-61	21.62	3.25e-45	1.13
chr19-7	chr19	49382755	49382971	+	25.5	0.877	34.000000	48.0	2.8	16.87	3.12e-41	21.01	1.44e-45	1.05
chr22-11	chr22	19104125	19104341	+	25.5	0.754	36.000000	48.0	2.5	19.28	7.27e-44	13.78	2.73e-37	1.02
chr22-9	chr22	38810035	38810251	+	25.5	0.754	40.000000	48.0	2.1	22.49	6.30e-47	13.87	2.05e-37	0.94
chr1-33	chr1	231357291	231357507	+	24.4	0.690	35.000000	46.0	3.6	12.93	1.25e-34	15.59	4.16e-38	0.97
chr5-21	chr5	451979	452195	+	24.4	0.828	36.000000	46.0	1.4	32.33	4.98e-52	17.28	4.86e-40	1.07
chr11-6	chr11	61154606	61154822	+	24.4	0.703	38.000000	46.0	1.8	25.87	1.01e-47	22.06	1.13e-44	0.90
chr14-4	chr14	53137675	53137891	+	24.4	0.931	40.000000	47.0	2.1	22.02	1.42e-45	19.03	7.40e-42	0.95
chr15-8	chr15	85132012	85132228	+	24.4	0.803	33.000000	46.0	2.5	18.48	2.65e-41	18.85	1.10e-41	1.07
chr1-38	chr1	64562072	64562288	+	23.9	0.780	33.000000	45.0	2.5	18.08	4.91e-40	18.28	3.06e-40	1.07
chr1-43	chr1	232950904	232951120	+	23.9	0.730	33.000000	45.0	6.0	7.44	3.34e-24	15.25	6.49e-37	1.10
chr3-4	chr3	38387113	38387329	+	23.9	0.862	30.000000	45.0	2.8	15.82	1.41e-37	23.87	3.27e-45	1.18
chr5-27	chr5	171630168	171630384	+	23.9	0.746	30.000000	45.0	3.9	11.50	8.33e-32	15.03	7.27e-36	1.19
chr6-13	chr6	157390290	157390506	+	23.9	0.887	34.000000	46.0	1.8	25.87	1.01e-47	22.05	9.90e-44	1.03
chr7-14	chr7	137952992	137953208	+	23.9	0.848	38.000000	45.0	2.1	21.09	6.75e-43	15.50	2.05e-36	0.98
chr10-25	chr10	92641576	92641792	+	23.9	0.870	37.000000	45.0	0.7	63.26	9.04e-64	34.98	1.99e-52	0.92
chr10-22	chr10	101236885	101237101	+	23.9	0.790	39.000000	45.0	3.6	12.65	1.62e-33	16.49	2.39e-38	0.90
chr19-5	chr19	45863167	45863383	+	23.9	0.762	39.000000	46.0	2.1	21.56	3.13e-44	10.68	1.77e-30	0.97
chr1-24	chr1	45821346	45821562	+	23.4	0.768	38.000000	45.0	2.5	18.08	4.91e-40	22.54	3.37e-43	0.90
chr9-4	chr9	75889728	75889944	+	23.4	0.767	34.000000	44.0	1.1	41.24	2.30e-54	20.62	1.14e-40	0.98
chr11-7	chr11	117453892	117454108	+	23.4	0.786	34.000000	44.0	2.5	17.67	8.89e-39	17.10	3.49e-38	1.11
chr13-7	chr13	75481361	75481577	+	23.4	0.629	34.000000	44.0	9.2	4.76	1.46e-16	8.69	9.48e-26	0.98
chr17-30	chr17	82609675	82609891	+	23.4	0.847	29.000000	44.0	2.8	15.46	2.24e-36	10.12	6.52e-29	1.15
chr19-9	chr19	15104063	15104279	+	23.4	0.812	31.000000	44.0	2.1	20.62	1.43e-41	15.74	1.07e-36	1.07
chr21-13	chr21	44800229	44800445	+	23.4	0.846	30.000000	44.0	2.8	15.46	2.24e-36	13.59	4.53e-34	1.19
chr7-15	chr7	38889150	38889366	+	22.8	0.887	36.000000	43.0	3.2	13.43	3.88e-33	27.30	1.08e-45	0.95
chr14-6	chr14	32201918	32202134	+	22.8	0.754	30.000000	43.0	1.8	24.18	1.64e-43	20.62	1.14e-40	1.08
chr16-46	chr16	9078664	9078880	+	22.8	0.839	32.000000	43.0	2.5	17.27	1.57e-37	15.63	8.85e-36	1.12
chr19-8	chr19	2774166	2774382	+	22.8	0.721	32.000000	43.0	2.5	17.27	1.57e-37	12.27	1.42e-31	1.01
chr1-47	chr1	161765272	161765488	+	22.3	0.814	31.000000	42.0	2.1	19.68	5.93e-39	16.80	2.11e-35	1.06
chr6-14	chr6	57165145	57165361	+	22.3	0.852	33.000000	42.0	1.1	39.36	3.82e-51	37.87	1.86e-50	1.02
chr11-8	chr11	20008314	20008530	+	22.3	0.762	33.000000	42.0	0.2	236.18	1.88e-83	23.67	3.64e-42	1.02
chr12-5	chr12	95513668	95513884	+	22.3	0.824	38.000000	42.0	0.4	118.09	6.94e-71	22.81	1.60e-41	0.83
chr15-5	chr15	76684052	76684268	+	22.3	0.831	36.000000	43.0	4.3	10.08	3.23e-28	23.67	3.64e-42	0.99
chr1-37	chr1	169486064	169486280	+	21.8	0.776	34.000000	41.0	4.3	9.61	3.22e-26	16.85	1.25e-34	0.99
chr6-7	chr6	15961062	15961278	+	21.8	0.830	37.000000	41.0	2.1	19.21	1.17e-37	28.01	4.39e-44	0.90
chr6-8	chr6	36042738	36042954	+	21.8	0.746	36.000000	42.0	1.1	39.36	3.82e-51	24.32	1.15e-41	0.88
chr6-10	chr6	131367014	131367230	+	21.8	0.887	35.000000	41.0	2.8	14.41	7.75e-33	23.40	5.26e-41	0.96
chr13-6	chr13	66943606	66943822	+	21.8	0.700	34.000000	41.0	4.6	8.87	6.06e-25	18.30	7.75e-37	0.90
chr18-11	chr18	35956305	35956521	+	21.8	0.718	37.000000	41.0	2.8	14.41	7.75e-33	12.75	8.22e-31	0.90
chr1-53	chr1	236779299	236779515	+	21.3	0.734	29.000000	40.0	4.3	9.37	3.10e-25	12.02	3.66e-29	1.06
chr2-15	chr2	219200532	219200748	+	21.3	0.638	31.000000	40.0	3.6	11.25	4.21e-28	12.61	6.29e-30	1.02
chr5-23	chr5	950239	950455	+	21.3	0.941	32.000000	40.0	1.4	28.12	4.07e-43	14.09	1.03e-31	1.02
chr6-9	chr6	106325663	106325879	+	21.3	0.827	36.000000	41.0	2.1	19.21	1.17e-37	19.60	4.12e-37	0.88
chr6-12	chr6	154760798	154761014	+	21.3	0.792	34.000000	41.0	2.8	14.41	7.75e-33	20.97	3.16e-38	0.96
chr7-17	chr7	40107237	40107453	+	21.3	0.906	33.000000	40.0	0.7	56.23	7.28e-55	25.40	2.05e-41	1.02
chr8-9	chr8	91036098	91036314	+	21.3	0.823	25.000000	40.0	0.4	112.47	9.45e-67	18.40	4.53e-36	1.33
chr9-7	chr9	134076705	134076921	+	21.3	0.787	32.000000	40.0	2.8	14.06	1.12e-31	14.31	5.75e-32	1.10
chr11-11	chr11	69692469	69692685	+	21.3	0.763	27.000000	40.0	2.1	18.74	2.25e-36	20.26	1.17e-37	1.18
chr13-12	chr13	78823315	78823531	+	21.3	0.860	30.000000	41.0	3.6	11.53	3.64e-29	17.01	8.80e-35	1.06
chr14-5	chr14	20332081	20332297	+	21.3	0.815	32.000000	40.0	1.4	28.12	4.07e-43	24.70	5.96e-41	1.10
chr15-7	chr15	66903612	66903828	+	21.3	0.738	33.000000	40.0	6.0	6.62	6.18e-20	10.19	1.53e-26	1.02
chr17-25	chr17	50425433	50425649	+	21.3	0.733	32.000000	40.0	3.9	10.22	1.35e-26	12.70	4.85e-30	0.96
chr22-12	chr22	24024466	24024682	+	21.3	0.767	33.000000	40.0	2.1	18.74	2.25e-36	17.01	8.80e-35	1.02
chr1-45	chr1	234438631	234438847	+	20.7	0.705	32.000000	39.0	2.5	15.67	1.22e-32	14.65	1.40e-31	0.96
chr6-20	chr6	112968012	112968228	+	20.7	0.848	28.000000	39.0	2.1	18.28	4.22e-35	23.44	4.05e-39	1.06
chr7-16	chr7	152960992	152961208	+	20.7	0.872	34.000000	39.0	3.2	12.18	1.10e-28	15.29	2.96e-32	0.90
chr9-6	chr9	79734449	79734665	+	20.7	0.759	32.000000	40.0	3.2	12.50	8.80e-30	6.39	1.54e-18	0.93
chr10-26	chr10	13473971	13474187	+	20.7	0.554	36.000000	39.0	3.2	12.18	1.10e-28	4.07	8.40e-13	0.96
chr12-16	chr12	106217798	106218014	+	20.7	0.868	29.000000	39.0	1.4	27.41	1.15e-41	21.18	1.77e-37	1.06
chr13-16	chr13	75537671	75537887	+	20.7	0.820	29.000000	39.0	5.0	7.83	5.95e-22	10.16	7.00e-26	1.06
chr13-8	chr13	79462253	79462469	+	20.7	0.840	33.000000	39.0	3.6	10.97	4.75e-27	11.42	1.13e-27	0.90
chr13-19	chr13	80135508	80135724	+	20.7	0.758	28.000000	39.0	5.3	7.31	6.21e-21	13.22	5.84e-30	1.06
chr16-52	chr16	81777518	81777734	+	20.7	0.889	28.000000	39.0	3.2	12.18	1.10e-28	12.47	4.79e-29	1.10
chr17-31	chr17	62531009	62531225	+	20.7	0.922	28.000000	39.0	1.4	27.41	1.15e-41	21.41	9.91e-37	1.16
chr19-16	chr19	46380763	46380979	+	20.7	0.911	27.000000	39.0	2.1	18.28	4.22e-35	14.90	7.58e-32	1.10
chr1-56	chr1	56831907	56832123	+	20.2	0.900	28.000000	38.0	3.2	11.87	1.35e-27	12.15	5.99e-28	1.07
chr1-59	chr1	88974988	88975204	+	20.2	0.769	27.000000	38.0	4.6	8.22	3.96e-22	18.23	3.36e-34	1.07
chr2-23	chr2	191321864	191322080	+	20.2	0.880	27.000000	38.0	3.9	9.71	1.38e-24	25.57	1.55e-39	1.11
chr3-8	chr3	158018538	158018754	+	20.2	0.796	28.000000	38.0	1.1	35.61	7.94e-45	42.83	8.36e-48	1.07
chr6-11	chr6	99588725	99588941	+	20.2	0.736	34.000000	38.0	1.8	21.37	1.07e-36	25.57	1.55e-39	0.85
chr7-23	chr7	16914825	16915041	+	20.2	0.796	28.000000	38.0	2.8	13.36	2.16e-29	27.63	9.08e-41	1.03
chr8-4	chr8	8469568	8469784	+	20.2	0.816	29.000000	38.0	1.8	21.37	1.07e-36	35.69	7.34e-45	1.07
chr9-15	chr9	79655247	79655463	+	20.2	0.804	26.000000	38.0	2.8	13.36	2.16e-29	9.11	1.22e-23	1.16
chr9-31	chr9	100198342	100198558	+	20.2	0.880	23.000000	38.0	1.4	26.71	3.14e-40	27.63	9.08e-41	1.32
chr9-24	chr9	135644224	135644440	+	20.2	0.849	25.000000	38.0	3.6	10.68	5.22e-26	21.15	1.55e-36	1.16
chr12-10	chr12	98484983	98485199	+	20.2	0.889	31.000000	38.0	2.5	15.26	1.91e-31	14.77	6.17e-31	1.03
chr15-15	chr15	68969425	68969641	+	20.2	0.776	24.000000	38.0	0.4	106.84	1.16e-62	16.16	2.49e-32	1.21
chr16-48	chr16	53150913	53151129	+	20.2	0.868	31.000000	38.0	0.7	53.42	2.24e-51	36.45	3.37e-45	1.03
chr20-15	chr20	63719188	63719404	+	20.2	0.746	31.000000	38.0	0.7	53.42	2.24e-51	13.08	4.54e-29	1.03
chr22-13	chr22	49991292	49991508	+	20.2	0.854	31.000000	39.0	2.1	18.28	4.22e-35	9.53	1.04e-23	0.97
chr1-55	chr1	56565148	56565364	+	19.7	0.796	28.000000	37.0	1.8	20.81	2.29e-35	15.74	4.03e-31	1.00
chr2-21	chr2	127526746	127526962	+	19.7	0.800	27.000000	37.0	2.8	13.00	2.90e-28	15.74	4.03e-31	1.04
chr6-21	chr6	4112436	4112652	+	19.7	0.870	27.000000	37.0	1.1	34.68	2.83e-43	26.48	4.44e-39	1.08
chr6-26	chr6	133863389	133863605	+	19.7	0.820	26.000000	37.0	1.4	26.01	8.40e-39	18.74	9.04e-34	1.08
chr6-18	chr6	149750436	149750652	+	19.7	0.800	29.000000	37.0	4.6	8.00	3.26e-21	10.49	4.22e-25	0.97
chr8-5	chr8	37785005	37785221	+	19.7	0.782	29.000000	37.0	3.9	9.46	1.35e-23	9.48	1.25e-23	1.00
chr9-22	chr9	112712753	112712969	+	19.7	0.905	25.000000	37.0	1.4	26.01	8.40e-39	18.74	9.04e-34	1.12
chr10-46	chr10	60845133	60845349	+	19.7	0.792	26.000000	37.0	2.5	14.86	2.93e-30	18.24	1.70e-32	1.09
chr13-22	chr13	79173015	79173231	+	19.7	0.800	27.000000	37.0	3.2	11.56	1.60e-26	15.16	1.46e-30	1.08
chr17-37	chr17	16371929	16372145	+	19.7	0.864	25.000000	37.0	2.1	17.34	1.38e-32	15.16	1.46e-30	1.12
chr18-13	chr18	21872624	21872840	+	19.7	0.707	31.000000	37.0	3.9	9.46	1.35e-23	19.40	2.71e-34	0.91
chr21-17	chr21	46516190	46516406	+	19.7	0.754	28.000000	37.0	2.1	17.34	1.38e-32	15.30	1.06e-30	1.04
chr22-15	chr22	27212518	27212734	+	19.7	0.745	28.000000	37.0	3.6	10.40	5.59e-25	14.14	1.65e-29	1.00
chrX-2	chrX	102664780	102664996	+	19.7	0.783	37.000000	37.0	2.8	13.00	2.90e-28	10.90	1.16e-25	0.91
chr1-78	chr1	31561465	31561681	+	19.1	0.863	24.000000	36.0	1.4	25.31	2.19e-37	12.39	7.59e-27	1.24
chr1-39	chr1	110180874	110181090	+	19.1	0.830	33.000000	36.0	2.1	16.87	2.39e-31	12.48	5.89e-27	0.88
chr1-61	chr1	156959441	156959657	+	19.1	0.633	27.000000	36.0	2.1	16.87	2.39e-31	9.55	3.89e-23	1.01
chr1-48	chr1	228103129	228103345	+	19.1	0.600	30.000000	36.0	7.5	4.82	5.25e-14	4.80	5.86e-14	0.94
chr3-6	chr3	45562124	45562340	+	19.1	0.907	28.000000	38.0	0.2	213.69	5.06e-74	17.64	5.24e-32	1.05
chr3-5	chr3	101780801	101781017	+	19.1	0.884	29.000000	36.0	1.1	33.74	9.83e-42	17.45	7.58e-32	0.94
chr5-26	chr5	79720051	79720267	+	19.1	0.909	30.000000	36.0	1.4	25.31	2.19e-37	22.54	1.19e-35	0.97
chr5-30	chr5	129097570	129097786	+	19.1	0.740	28.000000	36.0	1.8	20.24	4.77e-34	17.84	3.62e-32	1.01
chr7-32	chr7	138295528	138295744	+	19.1	0.849	26.000000	38.0	2.1	17.81	7.73e-34	15.03	1.19e-29	1.13
chr11-9	chr11	61435529	61435745	+	19.1	0.765	31.000000	36.0	2.5	14.46	4.36e-29	14.36	5.47e-29	0.91
chr12-18	chr12	32056347	32056563	+	19.1	0.889	28.000000	36.0	1.8	20.24	4.77e-34	20.04	6.79e-34	0.97
chr12-19	chr12	46093497	46093713	+	19.1	0.891	26.000000	36.0	1.8	20.24	4.77e-34	17.08	1.56e-31	1.13
chr13-27	chr13	73614498	73614714	+	19.1	0.685	25.000000	36.0	6.4	5.62	5.73e-16	12.58	4.55e-27	1.09
chr13-10	chr13	94327934	94328150	+	19.1	0.792	31.000000	36.0	2.5	14.46	4.36e-29	9.07	2.05e-22	0.91
chr18-17	chr18	26071091	26071307	+	19.1	0.755	26.000000	36.0	1.1	33.74	9.83e-42	25.76	1.18e-37	1.09
chr18-14	chr18	36067542	36067758	+	19.1	0.741	29.000000	36.0	6.8	5.33	2.85e-15	8.37	2.69e-21	1.01
chr20-27	chr20	36282767	36282983	+	19.1	0.780	24.000000	36.0	0.2	202.44	2.25e-69	15.76	2.41e-30	1.13
chr21-12	chr21	31493522	31493738	+	19.1	0.882	31.000000	36.0	2.5	14.46	4.36e-29	16.56	4.48e-31	0.97
chrX-10	chrX	3149927	3150143	+	19.1	0.872	24.000000	36.0	1.4	25.31	2.19e-37	19.32	2.36e-33	1.18
chr3-9	chr3	160450201	160450417	+	18.6	0.667	28.000000	35.0	3.9	8.95	1.18e-21	14.22	4.40e-28	0.94
chr5-33	chr5	80480431	80480647	+	18.6	0.732	27.000000	36.0	1.1	33.74	9.83e-42	22.87	6.44e-35	1.01
chr5-35	chr5	154687891	154688107	+	18.6	0.864	25.000000	35.0	2.8	12.30	4.79e-26	12.33	4.47e-26	1.05
chr6-33	chr6	20401230	20401446	+	18.6	0.766	23.000000	35.0	0.7	49.20	3.16e-46	9.92	4.54e-23	1.14
chr8-8	chr8	144031539	144031755	+	18.6	0.769	26.000000	35.0	3.2	10.93	2.09e-24	15.17	5.23e-29	1.05
chr9-23	chr9	134530826	134531042	+	18.6	0.760	25.000000	35.0	2.5	14.06	6.31e-28	12.73	1.60e-26	1.05
chr10-33	chr10	24740790	24741006	+	18.6	0.827	28.000000	35.0	1.1	32.80	3.32e-40	16.31	3.17e-29	0.98
chr10-39	chr10	52007145	52007361	+	18.6	0.792	27.000000	35.0	4.6	7.57	2.05e-19	18.14	1.46e-31	1.01
chr12-17	chr12	116317241	116317457	+	18.6	0.766	29.000000	35.0	2.5	14.06	6.31e-28	11.60	3.14e-25	0.98
chr13-9	chr13	80589430	80589646	+	18.6	0.672	32.000000	35.0	1.8	19.68	9.67e-33	16.79	1.88e-30	0.82
chr15-11	chr15	68444434	68444650	+	18.6	0.857	27.000000	35.0	1.4	24.60	5.54e-36	18.35	9.95e-32	0.98
chr15-10	chr15	89611381	89611597	+	18.6	0.765	29.000000	35.0	2.8	12.30	4.79e-26	15.94	1.04e-29	0.98
chr16-44	chr16	3003740	3003956	+	18.6	0.717	33.000000	35.0	2.8	12.30	4.79e-26	9.45	2.13e-22	0.82
chr16-53	chr16	89714586	89714802	+	18.6	0.809	28.000000	35.0	1.8	19.68	9.67e-33	8.67	3.13e-21	0.94
chr17-45	chr17	81977406	81977622	+	18.6	0.732	23.000000	35.0	4.6	7.57	2.05e-19	9.34	3.10e-22	1.14
chr1-50	chr1	32539036	32539252	+	18.1	0.833	29.000000	34.0	3.9	8.69	1.06e-20	9.12	2.42e-21	0.91
chr1-60	chr1	89723200	89723416	+	18.1	0.755	27.000000	34.0	1.4	23.90	1.37e-34	16.31	3.17e-29	1.05
chr1-72	chr1	196596484	196596700	+	18.1	0.884	25.000000	34.0	0.7	47.80	1.55e-44	24.80	3.96e-34	1.06
chr1-54	chr1	244400999	244401215	+	18.1	0.740	29.000000	35.0	2.8	12.30	4.79e-26	13.81	6.26e-27	1.01
chr2-25	chr2	61354027	61354243	+	18.1	0.854	26.000000	34.0	1.8	19.12	1.91e-31	19.40	1.19e-31	1.14
chr2-32	chr2	129553560	129553776	+	18.1	0.875	25.000000	34.0	0.7	47.80	1.55e-44	23.22	3.47e-34	1.05
chr3-7	chr3	45863191	45863407	+	18.1	0.731	28.000000	34.0	0.4	95.60	1.29e-54	21.59	3.73e-33	0.98
chr5-28	chr5	173581679	173581895	+	18.1	0.776	30.000000	34.0	5.0	6.83	1.37e-17	11.27	3.65e-24	0.94
chr5-34	chr5	178474912	178475128	+	18.1	0.804	26.000000	34.0	5.0	6.83	1.37e-17	15.33	2.28e-28	1.01
chr6-16	chr6	43702527	43702743	+	18.1	0.712	32.000000	34.0	3.6	9.56	5.84e-22	11.79	8.96e-25	0.82
chr6-22	chr6	44583051	44583267	+	18.1	0.944	27.000000	34.0	1.8	19.12	1.91e-31	22.88	5.67e-34	0.98
chr6-29	chr6	161121896	161122112	+	18.1	0.800	25.000000	34.0	3.2	10.62	2.29e-23	17.82	1.83e-30	1.05
chr7-26	chr7	2769222	2769438	+	18.1	0.844	27.000000	34.0	1.8	19.12	1.91e-31	17.30	3.27e-29	0.98
chr9-38	chr9	97403838	97404054	+	18.1	0.729	21.000000	34.0	1.1	31.87	1.09e-38	21.00	9.20e-33	1.25
chr10-32	chr10	90871965	90872181	+	18.1	0.804	29.000000	34.0	3.6	9.56	5.84e-22	23.95	1.27e-34	0.98
chr12-8	chr12	53365187	53365403	+	18.1	0.796	32.000000	34.0	0.7	47.80	1.55e-44	9.40	9.66e-22	0.85
chr12-9	chr12	56316314	56316530	+	18.1	0.567	31.000000	34.0	1.8	19.12	1.91e-31	10.72	1.73e-23	0.91
chr12-15	chr12	71441178	71441394	+	18.1	0.723	29.000000	34.0	1.8	19.12	1.91e-31	15.33	2.28e-28	0.91
chr12-13	chr12	76078828	76079044	+	18.1	0.776	30.000000	34.0	1.4	23.90	1.37e-34	21.59	3.73e-33	0.88
chr13-13	chr13	29923422	29923638	+	18.1	0.796	29.000000	34.0	2.1	15.93	6.65e-29	19.16	1.78e-31	1.01
chrX-6	chrX	131841557	131841773	+	18.1	0.755	27.000000	34.0	4.6	7.35	1.56e-18	18.25	8.58e-31	0.98
chrX-9	chrX	150928123	150928339	+	18.1	0.897	25.000000	34.0	1.4	23.90	1.37e-34	16.66	1.59e-29	1.05
chr1-70	chr1	42267995	42268211	+	17.5	0.814	25.000000	33.0	1.8	18.56	3.65e-30	30.99	3.25e-37	1.02
chr2-16	chr2	65430628	65430844	+	17.5	0.710	30.000000	33.0	2.5	13.26	1.22e-25	8.91	1.86e-20	0.85
chr2-29	chr2	233303253	233303469	+	17.5	0.810	26.000000	33.0	1.8	18.56	3.65e-30	18.14	7.39e-30	0.98
chr3-10	chr3	128875538	128875754	+	17.5	0.833	25.000000	33.0	3.9	8.44	9.23e-20	12.30	1.20e-24	1.11
chr5-43	chr5	174820295	174820511	+	17.5	0.837	23.000000	33.0	2.5	13.26	1.22e-25	16.72	9.49e-29	1.11
chr7-42	chr7	687585	687801	+	17.5	0.739	22.000000	33.0	2.5	13.26	1.22e-25	10.70	7.95e-23	1.16
chr8-3	chr8	23246841	23247057	+	17.5	0.672	33.000000	33.0	3.2	10.31	2.44e-22	17.92	1.08e-29	0.85
chr9-17	chr9	134449583	134449799	+	17.5	0.765	26.000000	33.0	3.6	9.28	5.61e-21	11.53	8.39e-24	1.02
chr10-49	chr10	21935534	21935750	+	17.5	0.792	25.000000	33.0	2.1	15.46	1.06e-27	27.05	2.49e-35	1.02
chr10-44	chr10	26024392	26024608	+	17.5	0.891	26.000000	33.0	0.4	92.79	1.23e-52	34.60	9.31e-39	1.16
chr10-37	chr10	75287693	75287909	+	17.5	0.706	28.000000	33.0	3.9	8.44	9.23e-20	10.48	1.51e-22	0.94
chr12-24	chr12	122204272	122204488	+	17.5	0.725	23.000000	33.0	4.6	7.14	1.15e-17	7.47	9.78e-18	1.17
chr12-20	chr12	131627122	131627338	+	17.5	0.615	25.000000	33.0	7.8	4.22	1.82e-11	6.82	4.11e-17	1.02
chr15-18	chr15	73065617	73065833	+	17.5	0.833	23.000000	33.0	2.8	11.60	7.07e-24	16.72	9.49e-29	1.16
chr15-6	chr15	98994964	98995180	+	17.5	0.870	34.000000	33.0	0.7	46.39	7.42e-43	13.65	4.97e-26	0.85
chr19-14	chr19	36234624	36234840	+	17.5	0.902	27.000000	33.0	3.9	8.44	9.23e-20	10.19	3.46e-22	0.98
chr20-14	chr20	1266215	1266431	+	17.5	0.729	31.000000	33.0	4.3	7.73	1.16e-18	13.40	8.67e-26	0.88
chr22-14	chr22	38506574	38506790	+	17.5	0.707	30.000000	33.0	5.0	6.63	9.41e-17	8.00	4.34e-19	0.91
chr1-94	chr1	1317511	1317727	+	17.0	0.773	22.000000	32.0	1.4	22.49	7.59e-32	11.10	1.22e-22	1.17
chr1-69	chr1	6185922	6186138	+	17.0	0.681	25.000000	32.0	0.7	44.99	3.44e-41	15.85	3.10e-27	0.98
chr1-96	chr1	56596294	56596510	+	17.0	0.740	22.000000	32.0	3.9	8.18	7.82e-19	13.00	1.16e-24	1.17
chr1-57	chr1	64966314	64966530	+	17.0	0.741	28.000000	32.0	7.1	4.50	7.26e-12	9.19	2.86e-20	0.94
chr2-17	chr2	24076098	24076314	+	17.0	0.617	29.000000	32.0	2.1	15.00	1.64e-26	12.05	5.34e-23	0.88
chr2-18	chr2	74556633	74556849	+	17.0	0.792	29.000000	32.0	2.8	11.25	8.23e-23	8.44	3.26e-19	0.91
chr2-28	chr2	202575683	202575899	+	17.0	0.735	26.000000	32.0	2.5	12.85	1.62e-24	14.87	2.10e-26	0.98
chr2-24	chr2	216771798	216772014	+	17.0	0.886	27.000000	32.0	2.5	12.85	1.62e-24	17.81	9.27e-29	1.07
chr4-75	chr4	56435402	56435618	+	17.0	0.774	25.000000	32.0	2.8	11.25	8.23e-23	11.18	9.70e-23	1.07
chr5-29	chr5	53798419	53798635	+	17.0	0.796	28.000000	32.0	2.8	11.25	8.23e-23	17.17	2.78e-28	0.91
chr5-52	chr5	113569496	113569712	+	17.0	0.923	21.000000	32.0	1.4	22.49	7.59e-32	24.04	9.82e-33	1.17
chr6-25	chr6	38526527	38526743	+	17.0	0.800	26.000000	32.0	2.8	11.25	8.23e-23	19.50	5.97e-30	0.94
chr7-39	chr7	155350299	155350515	+	17.0	0.610	24.000000	32.0	7.1	4.50	7.26e-12	7.84	2.57e-18	1.02
chr8-6	chr8	53889913	53890129	+	17.0	0.917	26.000000	32.0	1.1	29.99	1.08e-35	15.03	1.54e-26	0.94
chr9-26	chr9	137963591	137963807	+	17.0	0.760	25.000000	32.0	0.4	89.97	1.14e-50	16.21	1.59e-27	1.12
chr10-40	chr10	114668009	114668225	+	17.0	0.750	27.000000	32.0	1.4	22.49	7.59e-32	20.61	1.10e-30	0.94
chr11-12	chr11	62843605	62843821	+	17.0	0.778	25.000000	32.0	3.6	9.00	5.22e-20	7.00	5.96e-17	1.12
chr13-31	chr13	28513861	28514077	+	17.0	0.700	24.000000	32.0	0.7	44.99	3.44e-41	18.74	2.00e-29	1.07
chr13-25	chr13	79989661	79989877	+	17.0	0.830	26.000000	33.0	3.9	8.44	9.23e-20	11.54	3.86e-23	1.02
chr17-32	chr17	75274239	75274455	+	17.0	0.857	28.000000	32.0	2.1	15.00	1.64e-26	8.54	2.33e-19	0.91
chr19-13	chr19	11693825	11694041	+	17.0	0.860	27.000000	32.0	5.3	6.00	4.05e-15	8.49	2.76e-19	1.17
chr21-15	chr21	37503046	37503262	+	17.0	0.841	29.000000	32.0	1.8	17.99	6.79e-29	21.86	1.82e-31	0.88
chr1-68	chr1	3320099	3320315	+	16.5	0.825	25.000000	31.0	2.1	14.53	2.47e-25	18.15	3.75e-28	0.95
chr1-64	chr1	93413686	93413902	+	16.5	0.725	26.000000	31.0	1.8	17.43	1.22e-27	17.12	1.41e-26	0.95
chr1-67	chr1	173376868	173377084	+	16.5	0.774	26.000000	33.0	4.3	7.73	1.16e-18	11.74	1.11e-22	0.99
chr1-75	chr1	240094218	240094434	+	16.5	0.725	25.000000	31.0	4.3	7.26	6.76e-17	7.51	2.71e-17	1.03
chr2-30	chr2	38528117	38528333	+	16.5	0.694	25.000000	31.0	3.6	8.72	4.71e-19	13.98	7.56e-25	1.03
chr2-33	chr2	207592499	207592715	+	16.5	0.712	25.000000	31.0	2.1	14.53	2.47e-25	18.39	2.55e-28	0.99
chr3-12	chr3	130948445	130948661	+	16.5	0.786	24.000000	31.0	0.7	43.58	1.55e-39	24.96	3.03e-32	1.03
chr5-31	chr5	170346008	170346224	+	16.5	0.867	28.000000	32.0	2.8	11.25	8.23e-23	11.37	1.30e-21	0.84
chr7-54	chr7	69331945	69332161	+	16.5	0.914	21.000000	31.0	4.3	7.26	6.76e-17	16.64	4.79e-27	1.18
chr9-9	chr9	79847177	79847393	+	16.5	0.761	30.000000	31.0	3.6	8.72	4.71e-19	7.76	1.12e-17	0.85
chr10-43	chr10	15705386	15705602	+	16.5	0.721	26.000000	31.0	2.8	10.90	9.28e-22	16.70	2.86e-26	0.91
chr12-14	chr12	117013835	117014051	+	16.5	0.778	30.000000	31.0	3.2	9.68	2.54e-20	13.44	2.34e-24	0.85
chr15-22	chr15	65296271	65296487	+	16.5	0.673	21.000000	31.0	3.9	7.92	6.42e-18	7.64	1.75e-17	1.13
chr18-19	chr18	35474931	35475147	+	16.5	0.786	25.000000	31.0	2.1	14.53	2.47e-25	14.56	2.32e-25	0.95
chr18-16	chr18	79839057	79839273	+	16.5	0.714	27.000000	31.0	3.2	9.68	2.54e-20	21.84	1.60e-30	0.91
chr19-10	chr19	51367058	51367274	+	16.5	0.681	29.000000	31.0	3.6	8.72	4.71e-19	8.90	2.64e-19	0.88
chr21-20	chr21	36681276	36681492	+	16.5	0.889	26.000000	31.0	3.6	8.72	4.71e-19	12.71	1.17e-23	0.95
chr1-101	chr1	86391917	86392133	+	15.9	0.829	22.000000	30.0	4.6	6.49	3.87e-15	13.39	1.40e-23	1.08
chr1-82	chr1	151254450	151254666	+	15.9	0.640	24.000000	30.0	6.8	4.44	4.38e-11	7.82	3.08e-17	0.95
chr1-73	chr1	204516342	204516558	+	15.9	0.740	25.000000	30.0	5.3	5.62	1.43e-13	10.40	1.46e-20	0.95
chr2-36	chr2	207710912	207711128	+	15.9	0.792	24.000000	34.0	2.1	15.93	6.65e-29	9.94	4.97e-20	1.14
chr3-11	chr3	20189611	20189827	+	15.9	0.804	24.000000	30.0	1.4	21.09	3.73e-29	15.91	1.11e-25	1.08
chr4-64	chr4	92092255	92092471	+	15.9	0.905	29.000000	30.0	3.2	9.37	2.46e-19	14.54	1.39e-24	0.95
chr4-80	chr4	168437282	168437498	+	15.9	0.775	23.000000	30.0	2.8	10.54	1.01e-20	19.05	6.80e-28	1.04
chr5-45	chr5	168514132	168514348	+	15.9	0.837	22.000000	33.0	1.4	23.20	3.27e-33	16.30	5.69e-26	1.08
chr5-38	chr5	170822384	170822600	+	15.9	0.829	24.000000	30.0	2.8	10.54	1.01e-20	13.39	1.40e-23	0.99
chr6-32	chr6	108560740	108560956	+	15.9	0.756	24.000000	30.0	4.3	7.03	4.93e-16	10.17	2.71e-20	1.04
chr9-27	chr9	21443979	21444195	+	15.9	0.833	24.000000	30.0	1.8	16.87	2.14e-26	22.17	8.86e-30	1.04
chr9-41	chr9	133787821	133788037	+	15.9	0.744	21.000000	31.0	1.1	29.05	3.23e-34	12.52	8.98e-23	1.14
chr9-18	chr9	135475045	135475261	+	15.9	0.868	26.000000	30.0	2.1	14.06	3.60e-24	10.09	3.33e-20	0.99
chr11-13	chr11	6387330	6387546	+	15.9	0.900	23.000000	31.0	0.7	43.58	1.55e-39	14.54	1.39e-24	1.08
chr12-21	chr12	1676169	1676385	+	15.9	0.745	24.000000	30.0	1.1	28.12	9.39e-33	13.66	8.00e-24	0.99
chr13-53	chr13	26596533	26596749	+	15.9	0.733	21.000000	30.0	1.8	16.87	2.14e-26	19.32	4.54e-28	1.14
chr15-12	chr15	63420298	63420514	+	15.9	0.767	26.000000	30.0	1.4	21.09	3.73e-29	12.18	1.92e-22	0.91
chr15-9	chr15	75102496	75102712	+	15.9	0.771	29.000000	30.0	2.8	10.54	1.01e-20	8.20	8.82e-18	0.91
chr15-13	chr15	80517362	80517578	+	15.9	0.791	26.000000	30.0	2.5	12.05	2.60e-22	16.30	5.69e-26	0.99
chr19-25	chr19	14154251	14154467	+	15.9	0.861	22.000000	30.0	3.6	8.44	4.13e-18	10.73	6.23e-21	1.04
chr19-17	chr19	50537907	50538123	+	15.9	0.756	26.000000	30.0	2.8	10.54	1.01e-20	10.32	1.80e-20	0.88
chr20-23	chr20	37524759	37524975	+	15.9	0.816	25.000000	30.0	0.4	84.35	8.97e-47	8.56	2.79e-18	0.95
chr22-17	chr22	37737649	37737865	+	15.9	0.667	27.000000	30.0	3.6	8.44	4.13e-18	5.80	6.47e-14	0.88
chrX-4	chrX	101410447	101410663	+	15.9	0.679	27.000000	30.0	2.5	12.05	2.60e-22	8.51	3.30e-18	0.84
chrX-5	chrX	120010467	120010683	+	15.9	0.897	27.000000	30.0	1.8	16.87	2.14e-26	9.59	1.32e-19	0.91
chr1-100	chr1	86377367	86377583	+	15.4	0.791	22.000000	29.0	5.0	5.82	1.54e-13	16.34	3.41e-25	1.09
chr1-115	chr1	113991650	113991866	+	15.4	0.714	21.000000	29.0	1.8	16.31	3.61e-25	8.33	2.04e-17	1.09
chr1-90	chr1	159986723	159986939	+	15.4	0.744	23.000000	29.0	1.8	16.31	3.61e-25	13.48	6.33e-23	0.95
chr1-74	chr1	214551831	214552047	+	15.4	0.614	25.000000	29.0	4.3	6.79	3.49e-15	11.08	1.19e-20	0.87
chr1-92	chr1	229282365	229282581	+	15.4	0.841	23.000000	29.0	3.2	9.06	2.32e-18	11.17	9.47e-21	0.99
chr2-22	chr2	160835427	160835643	+	15.4	0.971	27.000000	29.0	2.5	11.65	3.14e-21	30.06	1.78e-31	0.95
chr4-84	chr4	93380169	93380385	+	15.4	0.889	22.000000	29.0	1.8	16.31	3.61e-25	39.62	6.40e-36	1.04
chr6-27	chr6	136705152	136705368	+	15.4	0.761	26.000000	29.0	1.4	20.38	7.88e-28	17.91	2.78e-26	0.87
chr7-34	chr7	139119265	139119481	+	15.4	0.571	25.000000	29.0	3.2	9.06	2.32e-18	7.56	2.42e-16	0.95
chr8-13	chr8	104576616	104576832	+	15.4	0.917	23.000000	29.0	0.4	81.54	7.57e-45	16.34	3.41e-25	0.99
chr14-8	chr14	24396368	24396584	+	15.4	0.679	25.000000	30.0	1.8	16.87	2.14e-26	10.06	1.52e-19	0.99
chr14-13	chr14	73383511	73383727	+	15.4	0.875	21.000000	29.0	1.1	27.18	2.64e-31	14.69	6.19e-24	1.15
chr17-44	chr17	73621791	73622007	+	15.4	0.805	23.000000	29.0	1.8	16.31	3.61e-25	9.61	4.96e-19	0.99
chr17-39	chr17	75036644	75036860	+	15.4	0.723	25.000000	29.0	3.2	9.06	2.32e-18	7.60	2.09e-16	0.95
chr19-29	chr19	46555745	46555961	+	15.4	0.842	21.000000	29.0	1.4	20.38	7.88e-28	15.38	1.78e-24	1.04
chr21-19	chr21	31351586	31351802	+	15.4	0.800	26.000000	29.0	1.4	20.38	7.88e-28	10.90	1.85e-20	0.87
chr22-16	chr22	28884616	28884832	+	15.4	0.615	27.000000	29.0	1.8	16.31	3.61e-25	8.49	1.24e-17	0.84
chr22-22	chr22	30795212	30795428	+	15.4	0.865	24.000000	29.0	1.8	16.31	3.61e-25	11.37	6.00e-21	0.95
chr22-21	chr22	38482060	38482276	+	15.4	0.596	25.000000	29.0	3.6	8.15	3.49e-17	7.11	1.14e-15	0.91
chr1-79	chr1	35222701	35222917	+	14.9	0.773	24.000000	28.0	1.4	19.68	1.61e-26	10.98	6.84e-20	1.09
chr1-86	chr1	54310929	54311145	+	14.9	0.717	23.000000	28.0	2.5	11.25	3.67e-20	6.86	8.15e-15	0.99
chr1-71	chr1	100137621	100137837	+	14.9	0.879	25.000000	28.0	1.8	15.75	5.90e-24	15.58	7.74e-24	0.91
chr2-38	chr2	39803970	39804186	+	14.9	0.763	23.000000	28.0	2.1	13.12	6.91e-22	26.86	3.85e-30	0.95
chr2-35	chr2	176137907	176138123	+	14.9	0.762	24.000000	28.0	1.4	19.68	1.61e-26	8.14	1.24e-16	0.91
chr2-19	chr2	232464459	232464675	+	14.9	0.733	28.000000	28.0	3.2	8.75	2.11e-17	12.38	3.14e-21	0.87
chr3-13	chr3	33114356	33114572	+	14.9	0.681	23.000000	28.0	5.0	5.62	9.02e-13	10.88	8.53e-20	1.04
chr3-19	chr3	61513664	61513880	+	14.9	0.725	21.000000	28.0	2.5	11.25	3.67e-20	22.95	2.65e-28	1.09
chr6-36	chr6	127336913	127337129	+	14.9	0.868	22.000000	28.0	3.6	7.87	2.86e-16	18.29	1.12e-25	1.09
chr6-37	chr6	132577631	132577847	+	14.9	0.767	22.000000	28.0	4.6	6.06	1.59e-13	13.57	2.86e-22	1.04
chr6-38	chr6	156360021	156360237	+	14.9	0.682	22.000000	28.0	4.6	6.06	1.59e-13	14.15	5.47e-22	1.00
chr6-17	chr6	163439533	163439749	+	14.9	0.736	30.000000	29.0	1.8	16.31	3.61e-25	15.39	1.07e-23	0.87
chr7-33	chr7	96322086	96322302	+	14.9	0.821	25.000000	28.0	2.8	9.84	1.10e-18	15.21	1.47e-23	0.95
chr9-30	chr9	79878844	79879060	+	14.9	0.865	23.000000	30.0	5.0	6.03	2.54e-14	8.20	1.06e-16	0.99
chr10-57	chr10	132214042	132214258	+	14.9	0.833	23.000000	28.0	1.8	15.75	5.90e-24	12.62	1.88e-21	0.99
chr11-17	chr11	62841074	62841290	+	14.9	0.673	22.000000	28.0	2.5	11.25	3.67e-20	6.57	2.26e-14	1.09
chr12-23	chr12	96344161	96344377	+	14.9	0.846	23.000000	28.0	1.1	26.24	7.20e-30	20.69	4.23e-27	0.95
chr14-9	chr14	58415705	58415921	+	14.9	0.897	25.000000	28.0	1.1	26.24	7.20e-30	15.98	4.01e-24	0.91
chr14-10	chr14	64864342	64864558	+	14.9	0.681	24.000000	28.0	1.4	19.68	1.61e-26	15.81	3.35e-23	0.95
chr17-38	chr17	31013958	31014174	+	14.9	0.750	25.000000	28.0	1.4	19.68	1.61e-26	18.29	1.12e-25	0.87
chr19-19	chr19	30047480	30047696	+	14.9	0.723	25.000000	28.0	2.1	13.12	6.91e-22	13.57	2.86e-22	1.09
chr19-15	chr19	38452840	38453056	+	14.9	0.805	27.000000	28.0	2.8	9.84	1.10e-18	9.35	3.98e-18	0.84
chr20-31	chr20	5712815	5713031	+	14.9	0.971	21.000000	28.0	0.7	39.36	1.16e-34	16.61	1.45e-24	1.22
chr20-30	chr20	46660564	46660780	+	14.9	0.903	22.000000	28.0	0.4	78.73	6.17e-43	28.05	1.15e-30	0.99
chrX-11	chrX	74338955	74339171	+	14.9	0.711	24.000000	28.0	5.0	5.62	9.02e-13	9.71	1.54e-18	0.91
chr1-63	chr1	86933120	86933336	+	14.3	0.707	26.000000	27.0	0.4	75.92	4.86e-41	17.64	2.06e-24	0.84
chr1-116	chr1	117337812	117338028	+	14.3	0.871	21.000000	27.0	2.5	10.85	4.15e-19	12.42	1.44e-20	1.00
chr5-42	chr5	112842426	112842642	+	14.3	0.846	23.000000	27.0	1.4	18.98	3.17e-25	20.29	5.73e-26	0.95
chr6-28	chr6	139850554	139850770	+	14.3	0.780	26.000000	27.0	1.8	15.18	9.32e-23	19.02	3.00e-25	0.84
chr6-39	chr6	159334181	159334397	+	14.3	0.846	22.000000	27.0	2.1	12.65	9.09e-21	11.07	2.52e-19	1.10
chr7-55	chr7	152495983	152496199	+	14.3	0.761	21.000000	27.0	3.2	8.44	1.85e-16	7.75	1.38e-15	1.05
chr9-35	chr9	19174236	19174452	+	14.3	0.842	21.000000	27.0	1.4	18.98	3.17e-25	10.49	9.32e-19	1.05
chr9-32	chr9	36042883	36043099	+	14.3	0.717	22.000000	27.0	3.2	8.44	1.85e-16	13.09	3.90e-21	0.95
chr10-64	chr10	27914956	27915172	+	14.3	0.903	21.000000	27.0	0.7	37.96	4.57e-33	32.03	3.92e-31	1.00
chr10-67	chr10	87639301	87639517	+	14.3	0.886	21.000000	27.0	1.1	25.31	1.89e-28	17.39	2.97e-24	1.10
chr12-26	chr12	100422746	100422962	+	14.3	0.868	22.000000	27.0	0.7	37.96	4.57e-33	16.51	7.33e-23	1.00
chr12-27	chr12	114936479	114936695	+	14.3	0.638	22.000000	27.0	3.2	8.44	1.85e-16	9.29	1.80e-17	1.00
chr13-32	chr13	48965807	48966023	+	14.3	0.829	24.000000	27.0	1.4	18.98	3.17e-25	24.34	5.16e-28	0.95
chr13-48	chr13	64221278	64221494	+	14.3	0.860	22.000000	27.0	5.3	5.06	2.34e-11	7.66	1.86e-15	1.10
chr15-20	chr15	99025830	99026046	+	14.3	0.886	22.000000	27.0	4.6	5.84	9.71e-13	9.29	1.80e-17	1.05
chr22-32	chr22	32293911	32294127	+	14.3	0.737	21.000000	27.0	1.8	15.18	9.32e-23	23.87	8.62e-28	1.05
chr22-27	chr22	36388537	36388753	+	14.3	0.833	23.000000	27.0	3.6	7.59	2.26e-15	6.80	2.97e-14	0.95
chrX-14	chrX	17406357	17406573	+	14.3	0.903	22.000000	27.0	1.4	18.98	3.17e-25	18.73	4.47e-25	1.00
chr1-93	chr1	230797887	230798103	+	13.8	0.854	23.000000	26.0	2.5	10.44	4.51e-18	6.78	9.53e-14	1.00
chr2-27	chr2	105036830	105037046	+	13.8	0.875	26.000000	26.0	2.1	12.18	1.15e-19	13.32	1.35e-20	0.96
chr2-37	chr2	216904149	216904365	+	13.8	0.917	24.000000	26.0	0.4	73.10	3.69e-39	15.03	7.27e-22	0.91
chr3-14	chr3	48556899	48557115	+	13.8	0.725	23.000000	26.0	1.8	14.62	1.42e-21	7.28	1.90e-14	0.87
chr3-23	chr3	176879821	176880037	+	13.8	0.939	21.000000	26.0	2.1	12.18	1.15e-19	16.75	5.18e-23	1.06
chr4-73	chr4	2856369	2856585	+	13.8	0.652	25.000000	26.0	0.7	36.55	1.73e-31	13.02	2.33e-20	0.87
chr5-49	chr5	58445912	58446128	+	13.8	0.824	21.000000	26.0	2.5	10.44	4.51e-18	27.49	2.42e-27	1.01
chr5-37	chr5	125045820	125046036	+	13.8	0.837	24.000000	27.0	1.1	25.31	1.89e-28	12.08	1.40e-19	1.00
chr6-35	chr6	20516392	20516608	+	13.8	0.806	22.000000	26.0	3.6	7.31	1.73e-14	11.16	9.30e-19	0.96
chr7-53	chr7	38359100	38359316	+	13.8	0.794	21.000000	26.0	1.1	24.37	4.79e-27	12.21	1.10e-19	0.96
chr8-10	chr8	42054834	42055050	+	13.8	0.784	24.000000	26.0	0.7	36.55	1.73e-31	8.14	1.50e-15	0.87
chr9-10	chr9	26937857	26938073	+	13.8	0.857	27.000000	26.0	1.1	24.37	4.79e-27	15.63	2.80e-22	0.84
chr10-61	chr10	42533046	42533262	+	13.8	0.879	22.000000	26.0	1.8	14.62	1.42e-21	14.65	1.35e-21	0.96
chr10-62	chr10	80453832	80454048	+	13.8	0.707	22.000000	26.0	5.0	5.22	2.79e-11	8.95	1.68e-16	1.00
chr11-19	chr11	46352124	46352340	+	13.8	0.690	21.000000	26.0	4.3	6.09	1.00e-12	7.28	1.90e-14	0.96
chr11-21	chr11	134131962	134132178	+	13.8	0.682	21.000000	26.0	2.1	12.18	1.15e-19	10.02	1.20e-17	1.11
chr13-36	chr13	33072868	33073084	+	13.8	0.800	23.000000	26.0	1.1	24.37	4.79e-27	18.91	2.62e-24	1.06
chr13-62	chr13	67454298	67454514	+	13.8	0.778	21.000000	26.0	6.0	4.30	1.57e-09	7.10	3.30e-14	0.96
chr13-35	chr13	67771912	67772128	+	13.8	0.654	24.000000	26.0	5.3	4.87	1.20e-10	5.33	1.82e-11	1.06
chr15-17	chr15	67276750	67276966	+	13.8	0.811	23.000000	26.0	0.7	36.55	1.73e-31	11.38	2.72e-18	0.91
chr15-19	chr15	97811601	97811817	+	13.8	0.789	23.000000	26.0	2.1	12.18	1.15e-19	10.47	4.29e-18	0.96
chr16-55	chr16	89188254	89188470	+	13.8	0.589	24.000000	26.0	4.3	6.09	1.00e-12	5.05	5.61e-11	0.87
chr18-20	chr18	35213923	35214139	+	13.8	0.711	23.000000	26.0	2.8	9.14	1.03e-16	9.69	2.64e-17	0.91
chr19-18	chr19	1044733	1044949	+	13.8	0.667	25.000000	26.0	1.8	14.62	1.42e-21	5.27	5.55e-11	0.83
chr22-30	chr22	42678974	42679190	+	13.8	0.651	22.000000	26.0	3.9	6.65	1.47e-13	7.42	1.24e-14	0.91
chrX-7	chrX	107047578	107047794	+	13.8	0.795	25.000000	26.0	2.8	9.14	1.03e-16	10.37	5.29e-18	0.96
chr1-98	chr1	62784053	62784269	+	13.3	0.667	22.000000	25.0	3.6	7.03	1.27e-13	9.89	6.73e-17	0.96
chr1-102	chr1	89821139	89821355	+	13.3	0.737	22.000000	27.0	5.7	4.74	9.52e-11	9.97	5.51e-17	0.91
chr1-117	chr1	201171324	201171540	+	13.3	0.683	21.000000	25.0	6.0	4.13	6.83e-09	9.09	4.45e-16	0.91
chr1-111	chr1	212502933	212503149	+	13.3	0.700	22.000000	25.0	1.1	23.43	1.17e-25	6.40	9.37e-13	0.91
chr1-118	chr1	220256319	220256535	+	13.3	0.780	21.000000	25.0	1.8	14.06	2.08e-20	11.86	1.06e-18	1.01
chr2-39	chr2	165455009	165455225	+	13.3	0.788	22.000000	25.0	1.8	14.06	2.08e-20	23.02	1.61e-24	0.91
chr3-17	chr3	33678119	33678335	+	13.3	0.875	21.000000	25.0	2.5	10.04	4.73e-17	23.98	6.71e-26	1.01
chr3-15	chr3	99976765	99976981	+	13.3	0.705	22.000000	25.0	1.1	23.43	1.17e-25	14.64	8.11e-21	1.01
chr5-48	chr5	54289841	54290057	+	13.3	0.875	21.000000	25.0	1.1	23.43	1.17e-25	16.10	8.69e-22	0.91
chr5-50	chr5	67593676	67593892	+	13.3	0.758	21.000000	25.0	2.8	8.79	9.48e-16	19.43	1.02e-23	0.91
chr6-30	chr6	17986741	17986957	+	13.3	0.769	24.000000	25.0	4.6	5.41	3.24e-11	12.39	3.92e-19	0.83
chr6-34	chr6	18049316	18049532	+	13.3	0.811	22.000000	25.0	1.1	23.43	1.17e-25	10.61	5.97e-17	0.91
chr8-15	chr8	54135206	54135422	+	13.3	0.694	21.000000	25.0	6.0	4.13	6.83e-09	10.53	1.60e-17	0.91
chr10-68	chr10	87862047	87862263	+	13.3	0.652	21.000000	25.0	2.5	10.04	4.73e-17	8.74	1.08e-15	1.01
chr10-58	chr10	132561782	132561998	+	13.3	0.757	23.000000	25.0	2.8	8.79	9.48e-16	7.88	1.05e-14	0.87
chr11-20	chr11	108769066	108769282	+	13.3	0.812	21.000000	25.0	2.1	11.72	1.41e-18	23.02	1.61e-24	0.96
chr11-18	chr11	117316125	117316341	+	13.3	0.596	22.000000	25.0	5.3	4.69	5.88e-10	9.55	1.46e-16	0.91
chr13-59	chr13	66537405	66537621	+	13.3	0.806	21.000000	25.0	5.3	4.69	5.88e-10	9.72	9.96e-17	1.06
chr13-63	chr13	71426103	71426319	+	13.3	0.833	21.000000	27.0	6.4	4.22	1.16e-09	11.16	4.30e-18	0.96
chr13-64	chr13	71799575	71799791	+	13.3	0.929	21.000000	25.0	3.9	6.39	9.80e-13	15.44	2.33e-21	0.96
chr15-14	chr15	68270741	68270957	+	13.3	0.941	24.000000	25.0	3.9	6.39	9.80e-13	11.86	1.06e-18	0.91
chr17-51	chr17	76284427	76284643	+	13.3	0.829	21.000000	26.0	2.1	12.18	1.15e-19	6.09	2.69e-12	1.01
chr17-40	chr17	79830413	79830629	+	13.3	0.743	25.000000	25.0	1.1	23.43	1.17e-25	6.51	6.49e-13	0.80
chr18-23	chr18	35289979	35290195	+	13.3	0.700	21.000000	25.0	5.0	5.02	1.47e-10	8.67	1.28e-15	0.96
chr22-20	chr22	36897536	36897752	+	13.3	0.848	25.000000	26.0	2.1	12.18	1.15e-19	8.67	1.28e-15	0.80
chr1-99	chr1	75159235	75159451	+	12.8	0.800	22.000000	24.0	3.2	7.50	1.01e-13	14.05	1.19e-19	0.83
chr1-109	chr1	162632390	162632606	+	12.8	0.771	22.000000	24.0	2.5	9.64	4.77e-16	9.41	8.06e-16	0.87
chr1-120	chr1	226223494	226223710	+	12.8	0.700	21.000000	25.0	4.3	5.86	6.14e-12	5.15	2.04e-10	1.01
chr2-42	chr2	158953935	158954151	+	12.8	0.659	21.000000	24.0	1.4	16.87	1.95e-21	9.41	8.06e-16	0.96
chr2-44	chr2	218292396	218292612	+	12.8	0.794	21.000000	24.0	5.0	4.82	7.45e-10	8.59	5.72e-15	0.91
chr4-83	chr4	54159709	54159925	+	12.8	0.875	22.000000	25.0	1.4	17.57	1.10e-22	17.45	9.03e-22	0.91
chr4-90	chr4	75506637	75506853	+	12.8	0.788	21.000000	24.0	2.1	11.25	1.66e-17	16.65	2.63e-21	0.87
chr4-85	chr4	128056039	128056255	+	12.8	0.794	22.000000	24.0	1.8	13.50	2.93e-19	8.39	9.44e-15	0.87
chr4-91	chr4	154606814	154607030	+	12.8	0.931	21.000000	24.0	5.3	4.50	2.78e-09	20.04	3.89e-23	0.91
chr5-51	chr5	112492420	112492636	+	12.8	0.867	21.000000	24.0	3.2	7.50	1.01e-13	17.17	1.30e-21	0.87
chr6-24	chr6	11401753	11401969	+	12.8	0.805	26.000000	24.0	1.1	22.49	2.75e-24	11.15	1.99e-17	0.83
chr6-31	chr6	104969208	104969424	+	12.8	0.818	24.000000	24.0	2.8	8.44	8.37e-15	18.03	4.29e-22	0.87
chr6-40	chr6	110089382	110089598	+	12.8	0.848	21.000000	24.0	0.7	33.74	2.23e-28	19.32	8.92e-23	0.87
chr7-51	chr7	149497918	149498134	+	12.8	0.667	22.000000	24.0	5.3	4.50	2.78e-09	4.76	2.12e-09	0.82
chr7-56	chr7	155552380	155552596	+	12.8	0.757	21.000000	24.0	3.2	7.50	1.01e-13	6.56	1.62e-12	0.91
chr12-32	chr12	46046533	46046749	+	12.8	0.848	21.000000	24.0	2.1	11.25	1.66e-17	12.02	3.82e-18	0.96
chr13-40	chr13	43853073	43853289	+	12.8	0.878	22.000000	24.0	2.1	11.25	1.66e-17	17.88	3.71e-21	0.91
chr19-22	chr19	7159515	7159731	+	12.8	0.838	23.000000	24.0	1.1	22.49	2.75e-24	9.33	9.72e-16	0.91
chr22-25	chr22	20439297	20439513	+	12.8	0.730	23.000000	25.0	2.1	11.72	1.41e-18	5.76	2.28e-11	0.87
chrX-13	chrX	13689510	13689726	+	12.8	0.839	22.000000	24.0	3.6	6.75	8.99e-13	9.97	9.52e-16	0.82
chrX-15	chrX	23776532	23776748	+	12.8	0.650	21.000000	24.0	0.7	33.74	2.23e-28	8.20	1.54e-14	0.87
chrX-12	chrX	86124273	86124489	+	12.8	0.842	24.000000	24.0	2.1	11.25	1.66e-17	13.20	4.85e-19	0.87
chrX-18	chrX	130658438	130658654	+	12.8	0.844	21.000000	24.0	3.6	6.75	8.99e-13	13.20	4.85e-19	0.87
chrX-19	chrX	151471394	151471610	+	12.8	0.818	21.000000	24.0	2.5	9.64	4.77e-16	20.41	2.53e-23	0.96
chr22_KI270732v1_random-1	chr22_KI270732v1_random	30587	30803	+	12.8	0.592	23.000000	24.0	5.7	4.22	9.34e-09	7.07	3.41e-13	0.83
chr1-95	chr1	30844441	30844657	+	12.2	0.842	22.000000	23.0	2.8	8.08	7.10e-14	5.76	5.77e-11	0.87
chr2-43	chr2	178112175	178112391	+	12.2	0.667	21.000000	23.0	3.2	7.19	7.59e-13	10.80	1.79e-16	0.87
chr3-18	chr3	45729665	45729881	+	12.2	0.675	21.000000	23.0	1.4	16.17	3.29e-20	23.57	8.33e-24	0.91
chr3-20	chr3	63973032	63973248	+	12.2	0.737	21.000000	23.0	2.5	9.24	4.62e-15	15.25	1.16e-19	0.91
chr7-41	chr7	64914024	64914240	+	12.2	0.675	23.000000	23.0	2.5	9.24	4.62e-15	10.58	2.76e-16	0.82
chr8-12	chr8	37479382	37479598	+	12.2	0.689	23.000000	23.0	2.8	8.08	7.10e-14	6.96	1.44e-12	0.87
chr13-54	chr13	48037375	48037591	+	12.2	0.833	21.000000	23.0	3.2	7.19	7.59e-13	17.57	5.38e-21	0.87
chr14-11	chr14	39170576	39170792	+	12.2	0.703	22.000000	23.0	5.3	4.31	1.27e-08	10.37	4.21e-16	0.82
chr15-21	chr15	39662405	39662621	+	12.2	0.943	21.000000	23.0	0.7	32.33	7.52e-27	22.54	2.31e-23	1.08
chr16-57	chr16	30169195	30169411	+	12.2	0.638	21.000000	23.0	3.9	5.88	3.90e-11	6.17	1.52e-11	0.87
chr19-23	chr19	1854735	1854951	+	12.2	0.714	22.000000	23.0	1.8	12.93	3.97e-18	5.25	8.11e-10	0.87
chr19-28	chr19	10729579	10729795	+	12.2	0.706	21.000000	23.0	3.6	6.47	6.11e-12	5.70	7.13e-11	0.87
chr22-28	chr22	39037782	39037998	+	12.2	0.750	23.000000	23.0	2.1	10.78	1.87e-16	6.32	9.50e-12	0.87
chrX-16	chrX	40320873	40321089	+	12.2	0.933	21.000000	23.0	1.1	21.56	6.19e-23	15.71	6.11e-20	0.87
chr1-91	chr1	175029723	175029939	+	11.7	0.625	23.000000	22.0	2.5	8.84	4.29e-14	10.44	1.57e-15	0.82
chr2-40	chr2	206035802	206036018	+	11.7	0.931	22.000000	22.0	2.1	10.31	2.03e-15	13.78	5.75e-18	0.96
chr3-22	chr3	124751287	124751503	+	11.7	0.676	21.000000	22.0	1.1	20.62	1.34e-21	11.14	4.26e-16	0.87
chr7-44	chr7	55437486	55437702	+	11.7	0.844	22.000000	22.0	1.1	20.62	1.34e-21	13.40	1.01e-17	0.91
chr7-50	chr7	149497400	149497616	+	11.7	0.609	22.000000	22.0	3.2	6.87	5.49e-12	4.63	7.38e-09	0.79
chr8-14	chr8	71530131	71530347	+	11.7	0.885	22.000000	22.0	1.8	12.37	5.15e-17	18.37	1.50e-20	0.82
chr15-23	chr15	92655763	92655979	+	11.7	0.684	21.000000	22.0	3.2	6.87	5.49e-12	8.94	3.45e-14	0.91
chr18-21	chr18	21031960	21032176	+	11.7	0.900	21.000000	22.0	3.6	6.19	3.98e-11	13.05	1.74e-17	0.91
chr19-24	chr19	4576653	4576869	+	11.7	0.619	22.000000	22.0	2.1	10.31	2.03e-15	5.03	1.71e-09	0.87
chr1-97	chr1	59879377	59879593	+	11.2	0.853	22.000000	21.0	0.2	118.09	2.91e-36	8.09	8.25e-13	0.86
chr1-110	chr1	170689676	170689892	+	11.2	0.861	22.000000	21.0	2.5	8.44	3.81e-13	14.57	1.08e-17	0.86
chr3-16	chr3	29280816	29281032	+	11.2	0.676	21.000000	21.0	3.6	5.90	2.48e-10	10.76	3.84e-15	0.82
chr11-16	chr11	33040374	33040590	+	11.2	0.750	22.000000	21.0	5.0	4.22	7.58e-08	5.77	3.69e-10	0.82
chr12-33	chr12	120496490	120496706	+	11.2	0.742	21.000000	21.0	2.8	7.38	4.49e-12	5.95	2.14e-10	0.78
chr17-49	chr17	62195626	62195842	+	11.2	0.774	21.000000	21.0	1.4	14.76	8.27e-18	8.85	1.56e-13	0.86
chr17-50	chr17	62825612	62825828	+	10.6	0.743	21.000000	22.0	2.1	10.31	2.03e-15	7.84	4.96e-12	0.86
chrX-17	chrX	110142881	110143097	+	10.6	0.880	21.000000	20.0	2.8	7.03	3.34e-11	5.67	1.29e-09	0.77
chr1-114	chr1	37772568	37772784	+	10.1	0.564	21.000000	19.0	2.5	7.63	2.62e-11	8.92	1.89e-12	0.81
